port=8821
ip=192.168.1.103
#weidu
latitude=34.36867596
#jingdu
longitude=109.22156579
#gaodu
hight=463.835
